# http://bioinformatics.oxfordjournals.org/content/10/2/121.abstract?ijkey=41c6ef585df691c7b56b6cd6e7a18975aefa02ac&keytype2=tf_ipsecsha
,	A,	C,	D,	E,	F,	G,	H,	I,	K,	L,	M,	N,	P,	Q,	R,	S,	T,	V,	W,	Y
A,	10,
C,	2,	17,
D,	2,	2,	10,
E,	2, 	2,	6,	10,
F,	1,	0,	0,	0,	12,
G,	2,	2,	2,	2,	0,	10,
H,	3,	1,	2,	2,	3,	2,	10,
I,	2,	2,	0,	0,	6,	0,	1,	10,
K,	3,	2,	3,	3,	0,	2,	3,	0,	10,
L,	2,	2,	0,	0,	6,	0,	0,	4,	0,	10,
M,	2,	2,	0,	0,	4,	0,	2,	4,	1,	8,	10,
N,	2,	0,	6,	4,	0,	3,	3,	0,	7,	0,	1,	10,
P,	2,	0,	3,	0,	0,	2,	3,	0,	2,	0,	0,	2,	10,
Q,	2,	0,	4,	6,	0,	1,	4,	1,	4,	0,	1,	6,	2,	10,
R,	2,	2,	2,	2,	0,	2,	4,	0,	7,	0,	1,	2,	2,	4,	10,
S,	5,	2,	2,	2,	0,	2,	1,	0,	2,	0,	0,	4,	3,	2,	3,	10,
T,	3,	2,	2,	2,	0,	2,	2,	2,	2,	2,	2,	2,	2,	2,	2,	4,	10,
V,	2,	2,	0,	0,	3,	1,	1,	8,	0,	6,	4,	0,	0,	0,	0,	0,	2,	10,
W,	0,	0,	0,	0,	5,	0,	1,	0,	0,	1,	1,	0,	0,	1,	3,	1,	0,	0,	16,
Y,	0,	1,	0,	1,	9,	0,	2,	3,	0,	2,	3,	0,	1,	1,	0,	1,	0,	3,	5,	12

